image: cafe.pgm
resolution: 0.020000
origin: [-20.490000, -20.490000, 0.000000]
negate: 0
occupied_thresh: 0.65
free_thresh: 0.196

