image: corridor.pgm
resolution: 0.020000
origin: [-40.969997, -40.969997, 0.000000]
negate: 0
occupied_thresh: 0.65
free_thresh: 0.196

